color_pallete <- c("#055806", "#082762", "#820A16", "#FED134", "#B7B7AF", "#C9B593", "#4E4E4E")